0.505015 0.357755 0.331426 0.209223 0.577896 0.340325 0.298418 0.385426 0.261266 0.744519 0.546446 0.564647 0.753613 0.456149 0.572201 0.665199 
0.51717 0.642251 0.412859 0.348289 0.415937 0.75508 0.291441 0.436746 0.632322 0.238587 0.225623 0.496094 0.201416 0.591153 0.713969 0.793495 
0.326912 0.494251 0.397861 0.227892 0.666315 0.304994 0.739841 0.324799 0.443589 0.350969 0.563143 0.311061 0.313096 0.354933 0.736295 0.643664 0.750493 0.306067 0.664161 0.732067 0.344746 
0.337264 0.508719 0.441126 0.16464 0.329185 0.26584 0.77294 0.39193 0.440131 0.575203 0.258315 0.390317 0.416744 0.2058 0.863347 0.304891 0.468699 0.682035 0.772927 
0.377739 0.405429 0.377376 0.338593 0.884609 0.468422 0.775209 0.898157 0.22452 0.24696 0.230496 0.533993 0.264198 0.403417 0.452638 0.2058 0.927386 0.77244 0.708427 0.778622 0.232759 0.609526 0.666737 0.75363 
0.320248 0.224265 0.385058 0.863382 0.924491 0.738726 0.220727 0.311525 0.913203 0.483548 0.667948 0.443443 0.608309 0.478443 0.52517 0.362312 0.410308 0.479327 0.909396 0.211721 0.236809 0.689297 0.442715 0.211244 0.314663 0.518685 0.282926 
0.366864 0.477631 0.495855 0.315042 0.722997 0.345744 0.204012 0.363192 0.776249 0.38177 0.340042 0.32192 0.380942 0.1943 0.381167 0.486844 1 0.494095 0.225569 0.663056 0.318507 0.867409 
0.480222 0.464158 0.304976 0.534364 0.700056 0.234029 0.380826 0.917429 0.779187 0.401344 0.566797 0.652809 0.332298 0.173787 0.32109 0.989476 0.600313 0.388472 0.211931 0.930584 0.294212 0.270989 0.459115 0.847052 
0.217694 0.365074 0.3872 0.396272 0.212724 0.203453 0.502722 0.23103 0.550397 0.573394 0.207143 0.416438 0.623931 0.503633 0.388948 0.55131 0.993655 0.222425 0.679721 0.314182 0.378699 0.204407 0.332263 0.387459 0.320372 0.328013 0.298866 0.537553 0.64654 0.458581 0.308512 
0.304427 0.406916 0.581867 0.814647 0.485287 0.419843 0.903494 0.548979 0.702183 0.41759 0.563515 0.712903 0.521829 0.425894 0.686507 0.450657 0.417057 0.458971 0.611527 0.445962 0.231743 0.451273 0.582103 0.835065 0.601361 
0.52156 0.587625 0.487291 0.403616 0.587281 0.285115 0.563777 0.577472 0.572021 0.37696 0.333211 0.364021 0.308095 0.964269 0.588261 0.523894 0.650309 0.775775 0.921515 
0.508495 0.607503 0.250921 0.531802 0.257582 0.43688 0.237191 0.309753 0.418804 0.727373 0.392964 0.558447 0.967223 0.589898 0.531046 0.625407 0.493518 0.79693 
0.549656 0.321688 0.600094 0.678718 0.577049 0.877794 0.65009 0.428228 0.527051 0.329679 0.954342 0.539788 0.600373 0.59194 0.468417 0.208773 0.27631 0.29965 0.618999 0.484305 0.710932 0.86581 
0.346285 0.481784 0.345243 0.713739 0.595612 0.28469 0.569416 0.703429 0.375313 0.46015 0.813965 0.53018 0.233883 0.354183 0.540568 0.310466 0.517 0.787656 0.496223 0.284984 0.480338 
0.634809 0.310095 0.388155 0.720759 0.552597 0.289573 0.547723 0.700855 0.93215 0.261072 0.50548 0.846536 0.658248 0.963267 0.46776 0.527415 0.932137 0.482483 0.776158 0.49594 0.558372 0.331693 0.863518 
0.531733 0.339863 0.232082 0.708425 0.720649 0.883606 0.422975 0.652805 0.239339 0.235221 0.37462 0.971734 0.270031 0.230333 0.332814 0.530761 0.360685 0.485358 0.384874 0.731526 0.868752 0.264391 0.453598 
0.339356 0.435129 0.42062 0.650917 0.336716 0.363553 0.431939 0.234693 0.45505 0.548052 0.892909 0.302522 0.577707 0.911022 0.231158 0.524561 0.286359 0.462835 0.455545 0.391422 0.374783 0.329956 0.835705 
0.562805 0.761624 0.764318 0.478179 0.340699 0.556831 0.668061 0.911555 0.519556 0.32857 0.984081 0.627685 0.976851 0.249092 0.48225 0.245882 0.836252 0.335336 0.349941 0.501345 0.771129 0.404492 0.230309 0.420032 0.223907 0.400513 0.517766 0.553015 0.649126 
0.609306 0.776032 0.321879 0.515012 0.683868 0.858103 0.50926 0.173787 0.506964 0.671534 0.965483 0.626257 0.996329 0.980141 0.454733 0.522032 0.852964 0.240414 0.27252 0.274265 0.479161 0.78593 0.29711 0.381361 0.418727 0.385828 0.16464 0.513279 0.335746 
0.608967 0.2126 0.726163 0.217691 0.533276 0.728932 0.572829 0.854577 0.342864 0.41293 0.524365 0.909247 0.258402 0.36612 0.563588 0.322657 0.542197 0.432457 0.715907 0.874723 0.28459 0.798217 0.422143 0.328927 0.391609 0.405463 0.551946 0.289227 0.333979 0.457485 0.49345 0.564822 
0.310937 0.363275 0.655913 0.294326 0.526262 0.714228 0.789011 0.566548 0.87563 0.251802 0.528575 0.675176 0.841421 0.561618 0.887418 0.306853 0.530937 0.715108 0.773373 0.867783 0.316177 0.34009 0.502927 0.616638 0.704657 
0.585096 0.797927 0.623893 0.468355 0.201514 0.827259 0.280982 0.377167 0.189715 0.261146 0.891988 0.322669 0.324828 0.350519 0.487399 0.658984 0.820187 0.319102 0.461589 0.814719 0.223907 0.396261 0.223108 0.370018 0.303554 0.478718 0.55272 0.622944 
0.559358 0.799925 0.803792 0.519858 0.807905 0.242953 0.53381 0.830158 0.329819 0.441327 0.614292 0.863045 0.334595 0.846511 0.303551 0.281626 0.287028 0.336221 0.318298 0.289786 0.466947 0.59723 0.677021 
